0.01722067977348734

{'num_leaves': 20, 'max_depth': 200, 'min_child_samples': 70, 'learning_rate': 0.01, 'n_estimators': 56000, 'reg_lambda': 0, 'colsample_bytree': 0.4, 'n_jobs': 8}


{'_colsample_bytree_0.400000_learning_rate_0.010000_max_depth_200_min_child_samples_70_n_estimators_47000_n_jobs_8_num_leaves_20_reg_lambda_0': 0.013960071729839962,
 '_colsample_bytree_0.400000_learning_rate_0.010000_max_depth_200_min_child_samples_70_n_estimators_48000_n_jobs_8_num_leaves_20_reg_lambda_0': 0.01394168553092075,
 '_colsample_bytree_0.400000_learning_rate_0.010000_max_depth_200_min_child_samples_70_n_estimators_49000_n_jobs_8_num_leaves_20_reg_lambda_0': 0.013925558778843078,
 '_colsample_bytree_0.400000_learning_rate_0.010000_max_depth_200_min_child_samples_70_n_estimators_50000_n_jobs_8_num_leaves_20_reg_lambda_0': 0.013909036639481853,
 '_colsample_bytree_0.400000_learning_rate_0.010000_max_depth_200_min_child_samples_70_n_estimators_51000_n_jobs_8_num_leaves_20_reg_lambda_0': 0.013892148689206622,
 '_colsample_bytree_0.400000_learning_rate_0.010000_max_depth_200_min_child_samples_70_n_estimators_52000_n_jobs_8_num_leaves_20_reg_lambda_0': 0.01387618440075146,
 '_colsample_bytree_0.400000_learning_rate_0.010000_max_depth_200_min_child_samples_70_n_estimators_53000_n_jobs_8_num_leaves_20_reg_lambda_0': 0.013860607185797482,
 '_colsample_bytree_0.400000_learning_rate_0.010000_max_depth_200_min_child_samples_70_n_estimators_54000_n_jobs_8_num_leaves_20_reg_lambda_0': 0.013845933930843542,
 '_colsample_bytree_0.400000_learning_rate_0.010000_max_depth_200_min_child_samples_70_n_estimators_55000_n_jobs_8_num_leaves_20_reg_lambda_0': 0.013834353619910145,
 '_colsample_bytree_0.400000_learning_rate_0.010000_max_depth_200_min_child_samples_70_n_estimators_56000_n_jobs_8_num_leaves_20_reg_lambda_0': 0.013822342185962342}