0.01685586541999466

{'num_leaves': 20, 'max_depth': 200, 'min_child_samples': 70, 'learning_rate': 0.01, 'n_estimators': 210000, 'reg_lambda': 0, 'colsample_bytree': 0.4, 'n_jobs': 8}


{'_colsample_bytree_0.400000_learning_rate_0.010000_max_depth_200_min_child_samples_70_n_estimators_120000_n_jobs_8_num_leaves_20_reg_lambda_0': 0.01352452238052707,
 '_colsample_bytree_0.400000_learning_rate_0.010000_max_depth_200_min_child_samples_70_n_estimators_130000_n_jobs_8_num_leaves_20_reg_lambda_0': 0.013511944783331774,
 '_colsample_bytree_0.400000_learning_rate_0.010000_max_depth_200_min_child_samples_70_n_estimators_140000_n_jobs_8_num_leaves_20_reg_lambda_0': 0.013502378636140655,
 '_colsample_bytree_0.400000_learning_rate_0.010000_max_depth_200_min_child_samples_70_n_estimators_150000_n_jobs_8_num_leaves_20_reg_lambda_0': 0.013495893827101904,
 '_colsample_bytree_0.400000_learning_rate_0.010000_max_depth_200_min_child_samples_70_n_estimators_160000_n_jobs_8_num_leaves_20_reg_lambda_0': 0.013490791726263749,
 '_colsample_bytree_0.400000_learning_rate_0.010000_max_depth_200_min_child_samples_70_n_estimators_170000_n_jobs_8_num_leaves_20_reg_lambda_0': 0.013487483707331712,
 '_colsample_bytree_0.400000_learning_rate_0.010000_max_depth_200_min_child_samples_70_n_estimators_180000_n_jobs_8_num_leaves_20_reg_lambda_0': 0.013485321958374302,
 '_colsample_bytree_0.400000_learning_rate_0.010000_max_depth_200_min_child_samples_70_n_estimators_190000_n_jobs_8_num_leaves_20_reg_lambda_0': 0.013483299471097703,
 '_colsample_bytree_0.400000_learning_rate_0.010000_max_depth_200_min_child_samples_70_n_estimators_200000_n_jobs_8_num_leaves_20_reg_lambda_0': 0.013481773667178839,
 '_colsample_bytree_0.400000_learning_rate_0.010000_max_depth_200_min_child_samples_70_n_estimators_210000_n_jobs_8_num_leaves_20_reg_lambda_0': 0.01348051689186713}