0.020392720705324364

{'num_leaves': 110, 'max_depth': 350, 'min_child_samples': 4, 'learning_rate': 0.01, 'n_estimators': 41000, 'reg_lambda': 0, 'colsample_bytree': 0.4, 'n_jobs': 8}

{'_colsample_bytree_0.200000_learning_rate_0.010000_max_depth_350_min_child_samples_4_n_estimators_39000_n_jobs_8_num_leaves_110_reg_lambda_0': 0.01820721240661003,
 '_colsample_bytree_0.400000_learning_rate_0.010000_max_depth_350_min_child_samples_4_n_estimators_39000_n_jobs_8_num_leaves_110_reg_lambda_0': 0.016491354774597636,
 '_colsample_bytree_0.600000_learning_rate_0.010000_max_depth_350_min_child_samples_4_n_estimators_39000_n_jobs_8_num_leaves_110_reg_lambda_0': 0.01695348591655384,
 '_colsample_bytree_0.200000_learning_rate_0.010000_max_depth_350_min_child_samples_4_n_estimators_40000_n_jobs_8_num_leaves_110_reg_lambda_0': 0.018206878840465155,
 '_colsample_bytree_0.400000_learning_rate_0.010000_max_depth_350_min_child_samples_4_n_estimators_40000_n_jobs_8_num_leaves_110_reg_lambda_0': 0.01649113488865644,
 '_colsample_bytree_0.600000_learning_rate_0.010000_max_depth_350_min_child_samples_4_n_estimators_40000_n_jobs_8_num_leaves_110_reg_lambda_0': 0.01695320026036718,
 '_colsample_bytree_0.200000_learning_rate_0.010000_max_depth_350_min_child_samples_4_n_estimators_41000_n_jobs_8_num_leaves_110_reg_lambda_0': 0.018206550080095453,
 '_colsample_bytree_0.400000_learning_rate_0.010000_max_depth_350_min_child_samples_4_n_estimators_41000_n_jobs_8_num_leaves_110_reg_lambda_0': 0.016490935808312197,
 '_colsample_bytree_0.600000_learning_rate_0.010000_max_depth_350_min_child_samples_4_n_estimators_41000_n_jobs_8_num_leaves_110_reg_lambda_0': 0.016952989155847673}