MAE:0.016847217838510512
time:4168.155184584

{'num_leaves': 20, 'max_depth': 200, 'min_child_samples': 70, 'learning_rate': 0.01, 'n_estimators': 400000, 'reg_lambda': 0, 'colsample_bytree': 0.4, 'n_jobs': 8}


{'_colsample_bytree_0.400000_learning_rate_0.010000_max_depth_200_min_child_samples_70_n_estimators_210000_n_jobs_8_num_leaves_20_reg_lambda_0': 0.01348051689186713,
 '_colsample_bytree_0.400000_learning_rate_0.010000_max_depth_200_min_child_samples_70_n_estimators_250000_n_jobs_8_num_leaves_20_reg_lambda_0': 0.013477699942562723,
 '_colsample_bytree_0.400000_learning_rate_0.010000_max_depth_200_min_child_samples_70_n_estimators_300000_n_jobs_8_num_leaves_20_reg_lambda_0': 0.013476298440414758,
 '_colsample_bytree_0.400000_learning_rate_0.010000_max_depth_200_min_child_samples_70_n_estimators_350000_n_jobs_8_num_leaves_20_reg_lambda_0': 0.013476120970114983,
 '_colsample_bytree_0.400000_learning_rate_0.010000_max_depth_200_min_child_samples_70_n_estimators_400000_n_jobs_8_num_leaves_20_reg_lambda_0': 0.013476120924297974,
 '_colsample_bytree_0.400000_learning_rate_0.010000_max_depth_200_min_child_samples_70_n_estimators_450000_n_jobs_8_num_leaves_20_reg_lambda_0': 0.01347617900767313,
 '_colsample_bytree_0.400000_learning_rate_0.010000_max_depth_200_min_child_samples_70_n_estimators_500000_n_jobs_8_num_leaves_20_reg_lambda_0': 0.013476165925813135}