0.01735901167819223

{'num_leaves': 20, 'max_depth': 200, 'min_child_samples': 70, 'learning_rate': 0.01, 'n_estimators': 47000, 'reg_lambda': 0, 'colsample_bytree': 0.4, 'n_jobs': 8}


{'_colsample_bytree_0.400000_learning_rate_0.010000_max_depth_200_min_child_samples_70_n_estimators_43000_n_jobs_8_num_leaves_10_reg_lambda_0': 0.014122932303938102,
 '_colsample_bytree_0.400000_learning_rate_0.010000_max_depth_200_min_child_samples_70_n_estimators_44000_n_jobs_8_num_leaves_10_reg_lambda_0': 0.014078842843280372,
 '_colsample_bytree_0.400000_learning_rate_0.010000_max_depth_200_min_child_samples_70_n_estimators_45000_n_jobs_8_num_leaves_10_reg_lambda_0': 0.014038516534109419,
 '_colsample_bytree_0.400000_learning_rate_0.010000_max_depth_200_min_child_samples_70_n_estimators_46000_n_jobs_8_num_leaves_10_reg_lambda_0': 0.014000542729034433,
 '_colsample_bytree_0.400000_learning_rate_0.010000_max_depth_200_min_child_samples_70_n_estimators_47000_n_jobs_8_num_leaves_10_reg_lambda_0': 0.013960971310500416,
 '_colsample_bytree_0.400000_learning_rate_0.010000_max_depth_200_min_child_samples_70_n_estimators_43000_n_jobs_8_num_leaves_20_reg_lambda_0': 0.014041284574903687,
 '_colsample_bytree_0.400000_learning_rate_0.010000_max_depth_200_min_child_samples_70_n_estimators_44000_n_jobs_8_num_leaves_20_reg_lambda_0': 0.014019367845015158,
 '_colsample_bytree_0.400000_learning_rate_0.010000_max_depth_200_min_child_samples_70_n_estimators_45000_n_jobs_8_num_leaves_20_reg_lambda_0': 0.013997193045388311,
 '_colsample_bytree_0.400000_learning_rate_0.010000_max_depth_200_min_child_samples_70_n_estimators_46000_n_jobs_8_num_leaves_20_reg_lambda_0': 0.01397889399353643,
 '_colsample_bytree_0.400000_learning_rate_0.010000_max_depth_200_min_child_samples_70_n_estimators_47000_n_jobs_8_num_leaves_20_reg_lambda_0': 0.013960071729839962,
 '_colsample_bytree_0.400000_learning_rate_0.010000_max_depth_200_min_child_samples_70_n_estimators_43000_n_jobs_8_num_leaves_30_reg_lambda_0': 0.0140985744487853,
 '_colsample_bytree_0.400000_learning_rate_0.010000_max_depth_200_min_child_samples_70_n_estimators_44000_n_jobs_8_num_leaves_30_reg_lambda_0': 0.01408857696798681,
 '_colsample_bytree_0.400000_learning_rate_0.010000_max_depth_200_min_child_samples_70_n_estimators_45000_n_jobs_8_num_leaves_30_reg_lambda_0': 0.014076669201283521,
 '_colsample_bytree_0.400000_learning_rate_0.010000_max_depth_200_min_child_samples_70_n_estimators_46000_n_jobs_8_num_leaves_30_reg_lambda_0': 0.014066486378189734,
 '_colsample_bytree_0.400000_learning_rate_0.010000_max_depth_200_min_child_samples_70_n_estimators_47000_n_jobs_8_num_leaves_30_reg_lambda_0': 0.014056267231620605}