0.017056986215853696


{'num_leaves': 20, 'max_depth': 200, 'min_child_samples': 70, 'learning_rate': 0.01, 'n_estimators': 74000, 'reg_lambda': 0, 'colsample_bytree': 0.4, 'n_jobs': 8}


{'_colsample_bytree_0.400000_learning_rate_0.010000_max_depth_200_min_child_samples_70_n_estimators_56000_n_jobs_8_num_leaves_20_reg_lambda_0': 0.013822342185962342,
 '_colsample_bytree_0.400000_learning_rate_0.010000_max_depth_200_min_child_samples_70_n_estimators_58000_n_jobs_8_num_leaves_20_reg_lambda_0': 0.013797219945886199,
 '_colsample_bytree_0.400000_learning_rate_0.010000_max_depth_200_min_child_samples_70_n_estimators_60000_n_jobs_8_num_leaves_20_reg_lambda_0': 0.013776487233482931,
 '_colsample_bytree_0.400000_learning_rate_0.010000_max_depth_200_min_child_samples_70_n_estimators_62000_n_jobs_8_num_leaves_20_reg_lambda_0': 0.013755396996414693,
 '_colsample_bytree_0.400000_learning_rate_0.010000_max_depth_200_min_child_samples_70_n_estimators_64000_n_jobs_8_num_leaves_20_reg_lambda_0': 0.013736685115677784,
 '_colsample_bytree_0.400000_learning_rate_0.010000_max_depth_200_min_child_samples_70_n_estimators_66000_n_jobs_8_num_leaves_20_reg_lambda_0': 0.013720020638381455,
 '_colsample_bytree_0.400000_learning_rate_0.010000_max_depth_200_min_child_samples_70_n_estimators_68000_n_jobs_8_num_leaves_20_reg_lambda_0': 0.013705636817724505,
 '_colsample_bytree_0.400000_learning_rate_0.010000_max_depth_200_min_child_samples_70_n_estimators_70000_n_jobs_8_num_leaves_20_reg_lambda_0': 0.013691553568582857,
 '_colsample_bytree_0.400000_learning_rate_0.010000_max_depth_200_min_child_samples_70_n_estimators_72000_n_jobs_8_num_leaves_20_reg_lambda_0': 0.013676982021489327,
 '_colsample_bytree_0.400000_learning_rate_0.010000_max_depth_200_min_child_samples_70_n_estimators_74000_n_jobs_8_num_leaves_20_reg_lambda_0': 0.013663556180264009}