0.0227211118648842

{'num_leaves': 20, 'max_depth': 120, 'min_child_samples': 180, 'learning_rate': 0.01, 'n_estimators': 40000, 'reg_lambda': 0, 'colsample_bytree': 0.4, 'n_jobs': 8}


{'_colsample_bytree_0.400000_learning_rate_0.010000_max_depth_120_min_child_samples_120_n_estimators_40000_n_jobs_8_num_leaves_20_reg_lambda_0': 0.02239056197311306,
 '_colsample_bytree_0.400000_learning_rate_0.010000_max_depth_120_min_child_samples_140_n_estimators_40000_n_jobs_8_num_leaves_20_reg_lambda_0': 0.021099335785552377,
 '_colsample_bytree_0.400000_learning_rate_0.010000_max_depth_120_min_child_samples_160_n_estimators_40000_n_jobs_8_num_leaves_20_reg_lambda_0': 0.021180866502784428,
 '_colsample_bytree_0.400000_learning_rate_0.010000_max_depth_120_min_child_samples_180_n_estimators_40000_n_jobs_8_num_leaves_20_reg_lambda_0': 0.021093284201666795,
 '_colsample_bytree_0.400000_learning_rate_0.010000_max_depth_120_min_child_samples_200_n_estimators_40000_n_jobs_8_num_leaves_20_reg_lambda_0': 0.021975668738394877,
 '_colsample_bytree_0.400000_learning_rate_0.010000_max_depth_120_min_child_samples_120_n_estimators_40000_n_jobs_8_num_leaves_30_reg_lambda_0': 0.02430586273911622,
 '_colsample_bytree_0.400000_learning_rate_0.010000_max_depth_120_min_child_samples_140_n_estimators_40000_n_jobs_8_num_leaves_30_reg_lambda_0': 0.022554799311904024,
 '_colsample_bytree_0.400000_learning_rate_0.010000_max_depth_120_min_child_samples_160_n_estimators_40000_n_jobs_8_num_leaves_30_reg_lambda_0': 0.022578278555920123,
 '_colsample_bytree_0.400000_learning_rate_0.010000_max_depth_120_min_child_samples_180_n_estimators_40000_n_jobs_8_num_leaves_30_reg_lambda_0': 0.02245289000351138,
  '_colsample_bytree_0.400000_learning_rate_0.010000_max_depth_120_min_child_samples_200_n_estimators_40000_n_jobs_8_num_leaves_30_reg_lambda_0': 0.023286131456257166,
 '_colsample_bytree_0.400000_learning_rate_0.010000_max_depth_120_min_child_samples_120_n_estimators_40000_n_jobs_8_num_leaves_40_reg_lambda_0': 0.025424100782330487,
 '_colsample_bytree_0.400000_learning_rate_0.010000_max_depth_120_min_child_samples_140_n_estimators_40000_n_jobs_8_num_leaves_40_reg_lambda_0': 0.023566756708392943,
 '_colsample_bytree_0.400000_learning_rate_0.010000_max_depth_120_min_child_samples_160_n_estimators_40000_n_jobs_8_num_leaves_40_reg_lambda_0': 0.023405633957374328,
 '_colsample_bytree_0.400000_learning_rate_0.010000_max_depth_120_min_child_samples_180_n_estimators_40000_n_jobs_8_num_leaves_40_reg_lambda_0': 0.02341271992279282,
 '_colsample_bytree_0.400000_learning_rate_0.010000_max_depth_120_min_child_samples_200_n_estimators_40000_n_jobs_8_num_leaves_40_reg_lambda_0': 0.024470495610878946}