0.013844562141596144

{'num_leaves': 2, 'max_depth': 120, 'min_child_samples': 170, 'learning_rate': 0.01, 'n_estimators': 200000, 'reg_lambda': 0, 'colsample_bytree': 0.4, 'n_jobs': 8}


{'_colsample_bytree_0.400000_learning_rate_0.010000_max_depth_120_min_child_samples_170_n_estimators_65000_n_jobs_8_num_leaves_2_reg_lambda_0': 0.015700282254669993,
 '_colsample_bytree_0.400000_learning_rate_0.010000_max_depth_120_min_child_samples_170_n_estimators_70000_n_jobs_8_num_leaves_2_reg_lambda_0': 0.015386829203756638,
 '_colsample_bytree_0.400000_learning_rate_0.010000_max_depth_120_min_child_samples_170_n_estimators_80000_n_jobs_8_num_leaves_2_reg_lambda_0': 0.014902994744961205,
 '_colsample_bytree_0.400000_learning_rate_0.010000_max_depth_120_min_child_samples_170_n_estimators_100000_n_jobs_8_num_leaves_2_reg_lambda_0': 0.014231627589803461,
 '_colsample_bytree_0.400000_learning_rate_0.010000_max_depth_120_min_child_samples_170_n_estimators_140000_n_jobs_8_num_leaves_2_reg_lambda_0': 0.013462488658859082,
 '_colsample_bytree_0.400000_learning_rate_0.010000_max_depth_120_min_child_samples_170_n_estimators_200000_n_jobs_8_num_leaves_2_reg_lambda_0': 0.012820640530619102,
 '_colsample_bytree_0.400000_learning_rate_0.010000_max_depth_120_min_child_samples_170_n_estimators_65000_n_jobs_8_num_leaves_3_reg_lambda_0': 0.016292818701322234,
 '_colsample_bytree_0.400000_learning_rate_0.010000_max_depth_120_min_child_samples_170_n_estimators_70000_n_jobs_8_num_leaves_3_reg_lambda_0': 0.01601713812733845,
 '_colsample_bytree_0.400000_learning_rate_0.010000_max_depth_120_min_child_samples_170_n_estimators_80000_n_jobs_8_num_leaves_3_reg_lambda_0': 0.015571420855597623,
  '_colsample_bytree_0.400000_learning_rate_0.010000_max_depth_120_min_child_samples_170_n_estimators_100000_n_jobs_8_num_leaves_3_reg_lambda_0': 0.01491199819179359,
 '_colsample_bytree_0.400000_learning_rate_0.010000_max_depth_120_min_child_samples_170_n_estimators_140000_n_jobs_8_num_leaves_3_reg_lambda_0': 0.014094702082160385,
 '_colsample_bytree_0.400000_learning_rate_0.010000_max_depth_120_min_child_samples_170_n_estimators_200000_n_jobs_8_num_leaves_3_reg_lambda_0': 0.01342308640347043,
 '_colsample_bytree_0.400000_learning_rate_0.010000_max_depth_120_min_child_samples_170_n_estimators_65000_n_jobs_8_num_leaves_4_reg_lambda_0': 0.01625915002464701,
 '_colsample_bytree_0.400000_learning_rate_0.010000_max_depth_120_min_child_samples_170_n_estimators_70000_n_jobs_8_num_leaves_4_reg_lambda_0': 0.01599184305807339,
 '_colsample_bytree_0.400000_learning_rate_0.010000_max_depth_120_min_child_samples_170_n_estimators_80000_n_jobs_8_num_leaves_4_reg_lambda_0': 0.015556510565815232,
 '_colsample_bytree_0.400000_learning_rate_0.010000_max_depth_120_min_child_samples_170_n_estimators_100000_n_jobs_8_num_leaves_4_reg_lambda_0': 0.014869827776981086,
 '_colsample_bytree_0.400000_learning_rate_0.010000_max_depth_120_min_child_samples_170_n_estimators_140000_n_jobs_8_num_leaves_4_reg_lambda_0': 0.014026296199617752,
 '_colsample_bytree_0.400000_learning_rate_0.010000_max_depth_120_min_child_samples_170_n_estimators_200000_n_jobs_8_num_leaves_4_reg_lambda_0': 0.013341956878202024}