0.012781773126408836

{'num_leaves': 2, 'max_depth': 120, 'min_child_samples': 170, 'learning_rate': 0.01, 'n_estimators': 650000, 'reg_lambda': 0, 'colsample_bytree': 0.4, 'n_jobs': 8}


{'_colsample_bytree_0.400000_learning_rate_0.010000_max_depth_120_min_child_samples_170_n_estimators_200000_n_jobs_8_num_leaves_2_reg_lambda_0': 0.012820640530619102,
 '_colsample_bytree_0.400000_learning_rate_0.010000_max_depth_120_min_child_samples_170_n_estimators_250000_n_jobs_8_num_leaves_2_reg_lambda_0': 0.012501088273036018,
 '_colsample_bytree_0.400000_learning_rate_0.010000_max_depth_120_min_child_samples_170_n_estimators_300000_n_jobs_8_num_leaves_2_reg_lambda_0': 0.012266249677052664,
 '_colsample_bytree_0.400000_learning_rate_0.010000_max_depth_120_min_child_samples_170_n_estimators_350000_n_jobs_8_num_leaves_2_reg_lambda_0': 0.01208971497902002,
 '_colsample_bytree_0.400000_learning_rate_0.010000_max_depth_120_min_child_samples_170_n_estimators_400000_n_jobs_8_num_leaves_2_reg_lambda_0': 0.011951892502631112,
 '_colsample_bytree_0.400000_learning_rate_0.010000_max_depth_120_min_child_samples_170_n_estimators_450000_n_jobs_8_num_leaves_2_reg_lambda_0': 0.011838952030664558,
 '_colsample_bytree_0.400000_learning_rate_0.010000_max_depth_120_min_child_samples_170_n_estimators_500000_n_jobs_8_num_leaves_2_reg_lambda_0': 0.011737354311558205,
 '_colsample_bytree_0.400000_learning_rate_0.010000_max_depth_120_min_child_samples_170_n_estimators_550000_n_jobs_8_num_leaves_2_reg_lambda_0': 0.011649591394006354,
 '_colsample_bytree_0.400000_learning_rate_0.010000_max_depth_120_min_child_samples_170_n_estimators_600000_n_jobs_8_num_leaves_2_reg_lambda_0': 0.011576811754177711,
 '_colsample_bytree_0.400000_learning_rate_0.010000_max_depth_120_min_child_samples_170_n_estimators_650000_n_jobs_8_num_leaves_2_reg_lambda_0': 0.011517419565114527}