0.017469724518961446

{'num_leaves': 4, 'max_depth': 120, 'min_child_samples': 170, 'learning_rate': 0.01, 'n_estimators': 65000, 'reg_lambda': 0, 'colsample_bytree': 0.4, 'n_jobs': 8}


{'_colsample_bytree_0.400000_learning_rate_0.010000_max_depth_120_min_child_samples_170_n_estimators_41000_n_jobs_8_num_leaves_4_reg_lambda_0': 0.0181155261339325,
 '_colsample_bytree_0.400000_learning_rate_0.010000_max_depth_120_min_child_samples_170_n_estimators_45000_n_jobs_8_num_leaves_4_reg_lambda_0': 0.017711672646588038,
 '_colsample_bytree_0.400000_learning_rate_0.010000_max_depth_120_min_child_samples_170_n_estimators_50000_n_jobs_8_num_leaves_4_reg_lambda_0': 0.017267350420685508,
 '_colsample_bytree_0.400000_learning_rate_0.010000_max_depth_120_min_child_samples_170_n_estimators_55000_n_jobs_8_num_leaves_4_reg_lambda_0': 0.016899879847250214,
 '_colsample_bytree_0.400000_learning_rate_0.010000_max_depth_120_min_child_samples_170_n_estimators_60000_n_jobs_8_num_leaves_4_reg_lambda_0': 0.016555131628736286,
 '_colsample_bytree_0.400000_learning_rate_0.010000_max_depth_120_min_child_samples_170_n_estimators_65000_n_jobs_8_num_leaves_4_reg_lambda_0': 0.01625915002464701,
 '_colsample_bytree_0.400000_learning_rate_0.010000_max_depth_120_min_child_samples_170_n_estimators_41000_n_jobs_8_num_leaves_6_reg_lambda_0': 0.018867636724254545,
 '_colsample_bytree_0.400000_learning_rate_0.010000_max_depth_120_min_child_samples_170_n_estimators_45000_n_jobs_8_num_leaves_6_reg_lambda_0': 0.01849706019638771,
 '_colsample_bytree_0.400000_learning_rate_0.010000_max_depth_120_min_child_samples_170_n_estimators_50000_n_jobs_8_num_leaves_6_reg_lambda_0': 0.01809730349661934,
  '_colsample_bytree_0.400000_learning_rate_0.010000_max_depth_120_min_child_samples_170_n_estimators_55000_n_jobs_8_num_leaves_6_reg_lambda_0': 0.017745781563052152,
 '_colsample_bytree_0.400000_learning_rate_0.010000_max_depth_120_min_child_samples_170_n_estimators_60000_n_jobs_8_num_leaves_6_reg_lambda_0': 0.017454773736266416,
 '_colsample_bytree_0.400000_learning_rate_0.010000_max_depth_120_min_child_samples_170_n_estimators_65000_n_jobs_8_num_leaves_6_reg_lambda_0': 0.0171971816025539,
 '_colsample_bytree_0.400000_learning_rate_0.010000_max_depth_120_min_child_samples_170_n_estimators_41000_n_jobs_8_num_leaves_8_reg_lambda_0': 0.01893172769457796,
 '_colsample_bytree_0.400000_learning_rate_0.010000_max_depth_120_min_child_samples_170_n_estimators_45000_n_jobs_8_num_leaves_8_reg_lambda_0': 0.018615937663156883,
 '_colsample_bytree_0.400000_learning_rate_0.010000_max_depth_120_min_child_samples_170_n_estimators_50000_n_jobs_8_num_leaves_8_reg_lambda_0': 0.018272873757370196,
 '_colsample_bytree_0.400000_learning_rate_0.010000_max_depth_120_min_child_samples_170_n_estimators_55000_n_jobs_8_num_leaves_8_reg_lambda_0': 0.017986214239399115,
 '_colsample_bytree_0.400000_learning_rate_0.010000_max_depth_120_min_child_samples_170_n_estimators_60000_n_jobs_8_num_leaves_8_reg_lambda_0': 0.01774264334788518,
 '_colsample_bytree_0.400000_learning_rate_0.010000_max_depth_120_min_child_samples_170_n_estimators_65000_n_jobs_8_num_leaves_8_reg_lambda_0': 0.017523163911716235}