MAE:0.012622163296390319
time:5408.841663375002

{'num_leaves': 2, 'max_depth': 120, 'min_child_samples': 170, 'learning_rate': 0.01, 'n_estimators': 1000000, 'reg_lambda': 0, 'colsample_bytree': 0.4, 'n_jobs': 8}


{'_colsample_bytree_0.400000_learning_rate_0.010000_max_depth_120_min_child_samples_170_n_estimators_650000_n_jobs_8_num_leaves_2_reg_lambda_0': 0.011517419565114527,
 '_colsample_bytree_0.400000_learning_rate_0.010000_max_depth_120_min_child_samples_170_n_estimators_700000_n_jobs_8_num_leaves_2_reg_lambda_0': 0.011469648561584105,
 '_colsample_bytree_0.400000_learning_rate_0.010000_max_depth_120_min_child_samples_170_n_estimators_800000_n_jobs_8_num_leaves_2_reg_lambda_0': 0.011397186185134321,
 '_colsample_bytree_0.400000_learning_rate_0.010000_max_depth_120_min_child_samples_170_n_estimators_900000_n_jobs_8_num_leaves_2_reg_lambda_0': 0.011344998184512602,
 '_colsample_bytree_0.400000_learning_rate_0.010000_max_depth_120_min_child_samples_170_n_estimators_1000000_n_jobs_8_num_leaves_2_reg_lambda_0': 0.011302436819514572}