0.6743715079331982

{'num_leaves': 110, 'max_depth': 250, 'min_child_samples': 10, 'learning_rate': 0.01, 'n_estimators': 40000, 'reg_lambda': 0, 'colsample_bytree': 0.4, 'n_jobs': 8}


{'_colsample_bytree_0.400000_learning_rate_0.010000_max_depth_230_min_child_samples_10_n_estimators_40000_n_jobs_8_num_leaves_110_reg_lambda_0': 0.6193668076053287,
 '_colsample_bytree_0.400000_learning_rate_0.010000_max_depth_230_min_child_samples_15_n_estimators_40000_n_jobs_8_num_leaves_110_reg_lambda_0': 0.6222161509301046,
 '_colsample_bytree_0.400000_learning_rate_0.010000_max_depth_230_min_child_samples_20_n_estimators_40000_n_jobs_8_num_leaves_110_reg_lambda_0': 0.6224051557524002,
 '_colsample_bytree_0.400000_learning_rate_0.010000_max_depth_240_min_child_samples_10_n_estimators_40000_n_jobs_8_num_leaves_110_reg_lambda_0': 0.6193668076053287,
 '_colsample_bytree_0.400000_learning_rate_0.010000_max_depth_240_min_child_samples_15_n_estimators_40000_n_jobs_8_num_leaves_110_reg_lambda_0': 0.6222161509301046,
 '_colsample_bytree_0.400000_learning_rate_0.010000_max_depth_240_min_child_samples_20_n_estimators_40000_n_jobs_8_num_leaves_110_reg_lambda_0': 0.6224051557524002,
 '_colsample_bytree_0.400000_learning_rate_0.010000_max_depth_250_min_child_samples_10_n_estimators_40000_n_jobs_8_num_leaves_110_reg_lambda_0': 0.6193668076053287,
 '_colsample_bytree_0.400000_learning_rate_0.010000_max_depth_250_min_child_samples_15_n_estimators_40000_n_jobs_8_num_leaves_110_reg_lambda_0': 0.6222161509301046,
 '_colsample_bytree_0.400000_learning_rate_0.010000_max_depth_250_min_child_samples_20_n_estimators_40000_n_jobs_8_num_leaves_110_reg_lambda_0': 0.6224051557524002}