0.6773046071556906

{'num_leaves': 110, 'max_depth': 210, 'min_child_samples': 30, 'learning_rate': 0.01, 'n_estimators': 40000, 'reg_lambda': 0, 'colsample_bytree': 0.4, 'n_jobs': 8}

{'_colsample_bytree_0.400000_learning_rate_0.010000_max_depth_190_min_child_samples_30_n_estimators_40000_n_jobs_8_num_leaves_110_reg_lambda_0': 0.6226317110107434,
 '_colsample_bytree_0.400000_learning_rate_0.010000_max_depth_200_min_child_samples_30_n_estimators_40000_n_jobs_8_num_leaves_110_reg_lambda_0': 0.6226317110107434,
 '_colsample_bytree_0.400000_learning_rate_0.010000_max_depth_210_min_child_samples_30_n_estimators_40000_n_jobs_8_num_leaves_110_reg_lambda_0': 0.6226317110107434,
 '_colsample_bytree_0.400000_learning_rate_0.010000_max_depth_190_min_child_samples_30_n_estimators_40000_n_jobs_8_num_leaves_120_reg_lambda_0': 0.6228749687098966,
 '_colsample_bytree_0.400000_learning_rate_0.010000_max_depth_200_min_child_samples_30_n_estimators_40000_n_jobs_8_num_leaves_120_reg_lambda_0': 0.6228749687098966,
 '_colsample_bytree_0.400000_learning_rate_0.010000_max_depth_210_min_child_samples_30_n_estimators_40000_n_jobs_8_num_leaves_120_reg_lambda_0': 0.6228749687098966,
 '_colsample_bytree_0.400000_learning_rate_0.010000_max_depth_190_min_child_samples_30_n_estimators_40000_n_jobs_8_num_leaves_130_reg_lambda_0': 0.6227732001658047,
 '_colsample_bytree_0.400000_learning_rate_0.010000_max_depth_200_min_child_samples_30_n_estimators_40000_n_jobs_8_num_leaves_130_reg_lambda_0': 0.6227732001658047,
 '_colsample_bytree_0.400000_learning_rate_0.010000_max_depth_210_min_child_samples_30_n_estimators_40000_n_jobs_8_num_leaves_130_reg_lambda_0': 0.6227732001658047}