MAE:0.6734211814841432
time:978.886283333999

{'num_leaves': 110, 'max_depth': 350, 'min_child_samples': 4, 'learning_rate': 0.01, 'n_estimators': 40000, 'reg_lambda': 0, 'colsample_bytree': 0.4, 'n_jobs': 8}



{'_colsample_bytree_0.400000_learning_rate_0.010000_max_depth_350_min_child_samples_4_n_estimators_35000_n_jobs_8_num_leaves_110_reg_lambda_0': 0.6180127657413729,
 '_colsample_bytree_0.400000_learning_rate_0.010000_max_depth_350_min_child_samples_4_n_estimators_36000_n_jobs_8_num_leaves_110_reg_lambda_0': 0.6180116303707605,
 '_colsample_bytree_0.400000_learning_rate_0.010000_max_depth_350_min_child_samples_4_n_estimators_37000_n_jobs_8_num_leaves_110_reg_lambda_0': 0.6180073484335796,
 '_colsample_bytree_0.400000_learning_rate_0.010000_max_depth_350_min_child_samples_4_n_estimators_38000_n_jobs_8_num_leaves_110_reg_lambda_0': 0.6180082395733133,
 '_colsample_bytree_0.400000_learning_rate_0.010000_max_depth_350_min_child_samples_4_n_estimators_39000_n_jobs_8_num_leaves_110_reg_lambda_0': 0.6180059327485267,
 '_colsample_bytree_0.400000_learning_rate_0.010000_max_depth_350_min_child_samples_4_n_estimators_40000_n_jobs_8_num_leaves_110_reg_lambda_0': 0.6180044421270317}