0.6752028159805759

{'num_leaves': 110, 'max_depth': 230, 'min_child_samples': 20, 'learning_rate': 0.01, 'n_estimators': 40000, 'reg_lambda': 0, 'colsample_bytree': 0.4, 'n_jobs': 8}

{'_colsample_bytree_0.400000_learning_rate_0.010000_max_depth_210_min_child_samples_20_n_estimators_40000_n_jobs_8_num_leaves_110_reg_lambda_0': 0.6224051557524002,
 '_colsample_bytree_0.400000_learning_rate_0.010000_max_depth_210_min_child_samples_20_n_estimators_41000_n_jobs_8_num_leaves_110_reg_lambda_0': 0.6224185553057305,
 '_colsample_bytree_0.400000_learning_rate_0.010000_max_depth_210_min_child_samples_30_n_estimators_40000_n_jobs_8_num_leaves_110_reg_lambda_0': 0.6226317110107434,
 '_colsample_bytree_0.400000_learning_rate_0.010000_max_depth_210_min_child_samples_30_n_estimators_41000_n_jobs_8_num_leaves_110_reg_lambda_0': 0.622636734161476,
 '_colsample_bytree_0.400000_learning_rate_0.010000_max_depth_210_min_child_samples_40_n_estimators_40000_n_jobs_8_num_leaves_110_reg_lambda_0': 0.6245155759668436,
 '_colsample_bytree_0.400000_learning_rate_0.010000_max_depth_210_min_child_samples_40_n_estimators_41000_n_jobs_8_num_leaves_110_reg_lambda_0': 0.624537754068262,
 '_colsample_bytree_0.400000_learning_rate_0.010000_max_depth_220_min_child_samples_20_n_estimators_40000_n_jobs_8_num_leaves_110_reg_lambda_0': 0.6224051557524002,
 '_colsample_bytree_0.400000_learning_rate_0.010000_max_depth_220_min_child_samples_20_n_estimators_41000_n_jobs_8_num_leaves_110_reg_lambda_0': 0.6224185553057305,
 '_colsample_bytree_0.400000_learning_rate_0.010000_max_depth_220_min_child_samples_30_n_estimators_40000_n_jobs_8_num_leaves_110_reg_lambda_0': 0.6226317110107434,
 '_colsample_bytree_0.400000_learning_rate_0.010000_max_depth_220_min_child_samples_30_n_estimators_41000_n_jobs_8_num_leaves_110_reg_lambda_0': 0.622636734161476,
 '_colsample_bytree_0.400000_learning_rate_0.010000_max_depth_220_min_child_samples_40_n_estimators_40000_n_jobs_8_num_leaves_110_reg_lambda_0': 0.6245155759668436,
 '_colsample_bytree_0.400000_learning_rate_0.010000_max_depth_220_min_child_samples_40_n_estimators_41000_n_jobs_8_num_leaves_110_reg_lambda_0': 0.624537754068262,
 '_colsample_bytree_0.400000_learning_rate_0.010000_max_depth_230_min_child_samples_20_n_estimators_40000_n_jobs_8_num_leaves_110_reg_lambda_0': 0.6224051557524002,
 '_colsample_bytree_0.400000_learning_rate_0.010000_max_depth_230_min_child_samples_20_n_estimators_41000_n_jobs_8_num_leaves_110_reg_lambda_0': 0.6224185553057305,
 '_colsample_bytree_0.400000_learning_rate_0.010000_max_depth_230_min_child_samples_30_n_estimators_40000_n_jobs_8_num_leaves_110_reg_lambda_0': 0.6226317110107434,
 '_colsample_bytree_0.400000_learning_rate_0.010000_max_depth_230_min_child_samples_30_n_estimators_41000_n_jobs_8_num_leaves_110_reg_lambda_0': 0.622636734161476,
 '_colsample_bytree_0.400000_learning_rate_0.010000_max_depth_230_min_child_samples_40_n_estimators_40000_n_jobs_8_num_leaves_110_reg_lambda_0': 0.6245155759668436,
 '_colsample_bytree_0.400000_learning_rate_0.010000_max_depth_230_min_child_samples_40_n_estimators_41000_n_jobs_8_num_leaves_110_reg_lambda_0': 0.624537754068262}