0.21981552873382046

{'num_leaves': 80, 'max_depth': 100, 'min_child_samples': 60, 'learning_rate': 0.01, 'n_estimators': 40000, 'reg_lambda': 0, 'colsample_bytree': 0.4, 'n_jobs': 8}


{'_colsample_bytree_0.400000_learning_rate_0.010000_max_depth_100_min_child_samples_60_n_estimators_40000_n_jobs_8_num_leaves_40_reg_lambda_0': 0.20196216850447052,
 '_colsample_bytree_0.400000_learning_rate_0.010000_max_depth_100_min_child_samples_80_n_estimators_40000_n_jobs_8_num_leaves_40_reg_lambda_0': 0.2026195689130204,
 '_colsample_bytree_0.400000_learning_rate_0.010000_max_depth_100_min_child_samples_100_n_estimators_40000_n_jobs_8_num_leaves_40_reg_lambda_0': 0.2023434526791973,
 '_colsample_bytree_0.400000_learning_rate_0.010000_max_depth_100_min_child_samples_120_n_estimators_40000_n_jobs_8_num_leaves_40_reg_lambda_0': 0.20245540321209574,
 '_colsample_bytree_0.400000_learning_rate_0.010000_max_depth_100_min_child_samples_140_n_estimators_40000_n_jobs_8_num_leaves_40_reg_lambda_0': 0.2024476499992386,
 '_colsample_bytree_0.400000_learning_rate_0.010000_max_depth_100_min_child_samples_60_n_estimators_40000_n_jobs_8_num_leaves_60_reg_lambda_0': 0.20198105673233285,
 '_colsample_bytree_0.400000_learning_rate_0.010000_max_depth_100_min_child_samples_80_n_estimators_40000_n_jobs_8_num_leaves_60_reg_lambda_0': 0.202235134055858,
 '_colsample_bytree_0.400000_learning_rate_0.010000_max_depth_100_min_child_samples_100_n_estimators_40000_n_jobs_8_num_leaves_60_reg_lambda_0': 0.2021734579709222,
 '_colsample_bytree_0.400000_learning_rate_0.010000_max_depth_100_min_child_samples_120_n_estimators_40000_n_jobs_8_num_leaves_60_reg_lambda_0': 0.20214131354912004,
 '_colsample_bytree_0.400000_learning_rate_0.010000_max_depth_100_min_child_samples_140_n_estimators_40000_n_jobs_8_num_leaves_60_reg_lambda_0': 0.20248405052479385,
 '_colsample_bytree_0.400000_learning_rate_0.010000_max_depth_100_min_child_samples_60_n_estimators_40000_n_jobs_8_num_leaves_80_reg_lambda_0': 0.2016839605910548,
 '_colsample_bytree_0.400000_learning_rate_0.010000_max_depth_100_min_child_samples_80_n_estimators_40000_n_jobs_8_num_leaves_80_reg_lambda_0': 0.20246633991783236,
 '_colsample_bytree_0.400000_learning_rate_0.010000_max_depth_100_min_child_samples_100_n_estimators_40000_n_jobs_8_num_leaves_80_reg_lambda_0': 0.20203509336973294,
 '_colsample_bytree_0.400000_learning_rate_0.010000_max_depth_100_min_child_samples_120_n_estimators_40000_n_jobs_8_num_leaves_80_reg_lambda_0': 0.2022717747536484,
 '_colsample_bytree_0.400000_learning_rate_0.010000_max_depth_100_min_child_samples_140_n_estimators_40000_n_jobs_8_num_leaves_80_reg_lambda_0': 0.20260243383315427}