MAE:16.517586932923244
time:991.5694369580001

{'num_leaves': 100, 'max_depth': 200, 'min_child_samples': 30, 'learning_rate': 0.01, 'n_estimators': 40000, 'reg_lambda': 0, 'colsample_bytree': 0.4, 'n_jobs': 8}

{'_colsample_bytree_0.400000_learning_rate_0.010000_max_depth_200_min_child_samples_30_n_estimators_40000_n_jobs_8_num_leaves_90_reg_lambda_0': 15.30673465393388,
 '_colsample_bytree_0.400000_learning_rate_0.010000_max_depth_200_min_child_samples_30_n_estimators_40000_n_jobs_8_num_leaves_100_reg_lambda_0': 15.284917525910425,
 '_colsample_bytree_0.400000_learning_rate_0.010000_max_depth_200_min_child_samples_30_n_estimators_40000_n_jobs_8_num_leaves_110_reg_lambda_0': 15.303289251036885}