{'num_leaves': 70, 'max_depth': 300, 'min_child_samples': 30, 'learning_rate': 0.01, 'n_estimators': 40000, 'reg_lambda': 0, 'colsample_bytree': 0.4, 'n_jobs': 8}


{'_colsample_bytree_0.400000_learning_rate_0.010000_max_depth_200_min_child_samples_30_n_estimators_40000_n_jobs_8_num_leaves_50_reg_lambda_0': 15.342695857792357,
 '_colsample_bytree_0.400000_learning_rate_0.010000_max_depth_300_min_child_samples_30_n_estimators_40000_n_jobs_8_num_leaves_50_reg_lambda_0': 15.342695857792357,
 '_colsample_bytree_0.400000_learning_rate_0.010000_max_depth_200_min_child_samples_30_n_estimators_40000_n_jobs_8_num_leaves_60_reg_lambda_0': 15.331849173851802,
 '_colsample_bytree_0.400000_learning_rate_0.010000_max_depth_300_min_child_samples_30_n_estimators_40000_n_jobs_8_num_leaves_60_reg_lambda_0': 15.331849173851802,
 '_colsample_bytree_0.400000_learning_rate_0.010000_max_depth_200_min_child_samples_30_n_estimators_40000_n_jobs_8_num_leaves_70_reg_lambda_0': 15.313408174970624,
 '_colsample_bytree_0.400000_learning_rate_0.010000_max_depth_300_min_child_samples_30_n_estimators_40000_n_jobs_8_num_leaves_70_reg_lambda_0': 15.313408174970624}